HIEROBJ  EWORLD                                             NONE                
ROOT                                                                            
1.0000000000000E+00 0.000000000000E+00  0.000000000000E+00  0.000000000000E+00  
0.000000000000E+00  1.0000000000000E+00 0.000000000000E+00  0.000000000000E+00  
0.000000000000E+00  0.000000000000E+00  1.0000000000000E+00 0.000000000000E+00  
0.000000000000E+00  0.000000000000E+00  0.000000000000E+00  1.0000000000000E+00 
HIEROBJ  EHIEROBJECT1                                       NONE                
BODYNCBF  WORLD                                   BODY1                         
1.0000000000000E+00 0.000000000000E+00  0.000000000000E+00  0.000000000000E+00  
0.000000000000E+00  1.0000000000000E+00 0.000000000000E+00  0.000000000000E+00  
0.000000000000E+00  0.000000000000E+00  1.0000000000000E+00 0.000000000000E+00  
0.000000000000E+00  0.000000000000E+00  0.000000000000E+00  1.0000000000000E+00 
HIEROBJ  EHIEROBJECT2                                       NONE                
CGTRIAD   HIEROBJECT1                                                           
9.9975132779472E-01 -5.416400106199E-07 2.2299833461465E-02 0.000000000000E+00  
5.9645746217543E-07 9.9999999999682E-01 -2.451548764219E-06 0.000000000000E+00  
-2.229983346007E-02 2.4642400342545E-06 9.9975132779186E-01 0.000000000000E+00  
9.1237371351000E+02 4.5249996583000E+02 4.3061373459000E+02 1.0000000000000E+00 
HIEROBJ  EHIEROBJECT3                                       NONE                
BODYNCBF  WORLD                                   BODY2                         
1.0000000000000E+00 0.000000000000E+00  0.000000000000E+00  0.000000000000E+00  
0.000000000000E+00  1.0000000000000E+00 0.000000000000E+00  0.000000000000E+00  
0.000000000000E+00  0.000000000000E+00  1.0000000000000E+00 0.000000000000E+00  
0.000000000000E+00  0.000000000000E+00  0.000000000000E+00  1.0000000000000E+00 
HIEROBJ  EHIEROBJECT4                                       NONE                
CGTRIAD   HIEROBJECT3                                                           
1.5679820122049E-01 2.2235761934175E-05 9.8763066153274E-01 0.000000000000E+00  
9.8763066178286E-01 -4.137546136936E-06 -1.567982011671E-01 0.000000000000E+00  
5.9983995548661E-07 9.9999999974423E-01 -2.260948006603E-05 0.000000000000E+00  
8.5749874395000E+02 3.9996154198000E+02 4.5883494744000E+02 1.0000000000000E+00 
HIEROBJ  EHIEROBJECT5                                       NONE                
BODYNCBF  WORLD                                   BODY3                         
1.0000000000000E+00 0.000000000000E+00  0.000000000000E+00  0.000000000000E+00  
0.000000000000E+00  1.0000000000000E+00 0.000000000000E+00  0.000000000000E+00  
0.000000000000E+00  0.000000000000E+00  1.0000000000000E+00 0.000000000000E+00  
0.000000000000E+00  0.000000000000E+00  0.000000000000E+00  1.0000000000000E+00 
HIEROBJ  EHIEROBJECT6                                       NONE                
CGTRIAD   HIEROBJECT5                                                           
1.0000000000000E+00 0.000000000000E+00  0.000000000000E+00  0.000000000000E+00  
0.000000000000E+00  1.0000000000000E+00 0.000000000000E+00  0.000000000000E+00  
0.000000000000E+00  0.000000000000E+00  1.0000000000000E+00 0.000000000000E+00  
0.000000000000E+00  0.000000000000E+00  0.000000000000E+00  1.0000000000000E+00 
HIEROBJ  EHIEROBJECT7                                       NONE                
JFCTRIAD  HIEROBJECT1                                                           
9.9975132779472E-01 -5.416400106199E-07 2.2299833461465E-02 0.000000000000E+00  
5.9645746217543E-07 9.9999999999682E-01 -2.451548764219E-06 0.000000000000E+00  
-2.229983346007E-02 2.4642400342545E-06 9.9975132779186E-01 0.000000000000E+00  
0.000000000000E+00  0.000000000000E+00  0.000000000000E+00  1.0000000000000E+00 
HIEROBJ  EHIEROBJECT8                                       NONE                
JFCTRIAD  HIEROBJECT1                                                           
9.9975132779472E-01 -5.416400106206E-07 2.2299833461465E-02 0.000000000000E+00  
5.9645746217602E-07 9.9999999999682E-01 -2.451548764214E-06 0.000000000000E+00  
-2.229983346007E-02 2.4642400342501E-06 9.9975132779186E-01 0.000000000000E+00  
9.1237371351000E+02 4.5249996583000E+02 4.3061373459000E+02 1.0000000000000E+00 
HIEROBJ  EHIEROBJECT9                                       NONE                
JFCTRIAD  HIEROBJECT1                                                           
4.4408920985006E-16 4.4408920985006E-16 -1.000000000000E+00 0.000000000000E+00  
-1.000000000000E+00 0.000000000000E+00  -4.440892098501E-16 0.000000000000E+00  
0.000000000000E+00  1.0000000000000E+00 4.4408920985006E-16 0.000000000000E+00  
8.5750000000000E+02 4.3100000000000E+02 4.5883333333333E+02 1.0000000000000E+00 
HIEROBJ  EHIEROBJECT10                                      NONE                
JFCTRIAD  HIEROBJECT3                                                           
1.5679820122050E-01 2.2235761933862E-05 9.8763066153274E-01 0.000000000000E+00  
9.8763066178286E-01 -4.137546136883E-06 -1.567982011671E-01 0.000000000000E+00  
5.9983995548407E-07 9.9999999974423E-01 -2.260948006572E-05 0.000000000000E+00  
0.000000000000E+00  0.000000000000E+00  0.000000000000E+00  1.0000000000000E+00 
HIEROBJ  EHIEROBJECT11                                      NONE                
JFCTRIAD  HIEROBJECT3                                                           
1.5679820122050E-01 2.2235761933862E-05 9.8763066153274E-01 0.000000000000E+00  
9.8763066178286E-01 -4.137546136883E-06 -1.567982011671E-01 0.000000000000E+00  
5.9983995548407E-07 9.9999999974423E-01 -2.260948006572E-05 0.000000000000E+00  
8.5749874395000E+02 3.9996154198000E+02 4.5883494744000E+02 1.0000000000000E+00 
HIEROBJ  EHIEROBJECT12                                      NONE                
JFCTRIAD  HIEROBJECT3                                                           
4.4408920985006E-16 4.4408920985006E-16 1.0000000000000E+00 0.000000000000E+00  
-1.000000000000E+00 0.000000000000E+00  4.4408920985006E-16 0.000000000000E+00  
0.000000000000E+00  -1.000000000000E+00 4.4408920985006E-16 0.000000000000E+00  
8.5750000000000E+02 -1.000000000000E+01 4.5883333333333E+02 1.0000000000000E+00 
HIEROBJ  EHIEROBJECT13                                      NONE                
JFCTRIAD  HIEROBJECT5                                                           
4.4408920985006E-16 4.4408920985006E-16 -1.000000000000E+00 0.000000000000E+00  
-1.000000000000E+00 0.000000000000E+00  -4.440892098501E-16 0.000000000000E+00  
0.000000000000E+00  1.0000000000000E+00 4.4408920985006E-16 0.000000000000E+00  
8.5750000000000E+02 4.3100000000000E+02 4.5883333333333E+02 1.0000000000000E+00 
HIEROBJ  EHIEROBJECT14                                      NONE                
JFCTRIAD  HIEROBJECT5                                                           
4.4408920985006E-16 4.4408920985006E-16 1.0000000000000E+00 0.000000000000E+00  
-1.000000000000E+00 0.000000000000E+00  4.4408920985006E-16 0.000000000000E+00  
0.000000000000E+00  -1.000000000000E+00 4.4408920985006E-16 0.000000000000E+00  
8.5750000000000E+02 -1.000000000000E+01 4.5883333333333E+02 1.0000000000000E+00 
HIEROBJ  EHIEROBJECT15                                      NONE                
JFCTRIAD  HIEROBJECT5                                                           
1.0000000000000E+00 0.000000000000E+00  0.000000000000E+00  0.000000000000E+00  
0.000000000000E+00  1.0000000000000E+00 0.000000000000E+00  0.000000000000E+00  
0.000000000000E+00  0.000000000000E+00  1.0000000000000E+00 0.000000000000E+00  
0.000000000000E+00  0.000000000000E+00  0.000000000000E+00  1.0000000000000E+00 
NAMEMAP   WORLD               5    5    UTF8 UTF8 ELEMENT                       
WORLD                                                                           
WORLD                                                                           
NAMEMAP   HIEROBJECT1         20   20   UTF8 UTF8 ELEMENT                       
Bloco_Z/Bloco_Z_NCBF                                                            
Bloco_Z/Bloco_Z_NCBF                                                            
NAMEMAP   HIEROBJECT2         18   18   UTF8 UTF8 ELEMENT                       
Bloco_Z/Bloco_Z_cm                                                              
Bloco_Z/Bloco_Z_cm                                                              
NAMEMAP   HIEROBJECT3         14   14   UTF8 UTF8 ELEMENT                       
Eixo/Eixo_NCBF                                                                  
Eixo/Eixo_NCBF                                                                  
NAMEMAP   HIEROBJECT4         12   12   UTF8 UTF8 ELEMENT                       
Eixo/Eixo_cm                                                                    
Eixo/Eixo_cm                                                                    
NAMEMAP   HIEROBJECT5         26   26   UTF8 UTF8 ELEMENT                       
the_ground/the_ground_NCBF                                                      
the_ground/the_ground_NCBF                                                      
NAMEMAP   HIEROBJECT6         13   13   UTF8 UTF8 ELEMENT                       
the_ground_cm                                                                   
the_ground_cm                                                                   
NAMEMAP   HIEROBJECT7         19   19   UTF8 UTF8 ELEMENT                       
Bloco_Z/Bloco_Z_coi                                                             
Bloco_Z/Bloco_Z_coi                                                             
NAMEMAP   HIEROBJECT8         19   19   UTF8 UTF8 ELEMENT                       
Bloco_Z/Bloco_Z_com                                                             
Bloco_Z/Bloco_Z_com                                                             
NAMEMAP   HIEROBJECT9         5    14   UTF8 UTF8 ELEMENT                       
15/36                                                                           
Bloco_Z/J001_i                                                                  
NAMEMAP   HIEROBJECT10        13   13   UTF8 UTF8 ELEMENT                       
Eixo/Eixo_coi                                                                   
Eixo/Eixo_coi                                                                   
NAMEMAP   HIEROBJECT11        13   13   UTF8 UTF8 ELEMENT                       
Eixo/Eixo_com                                                                   
Eixo/Eixo_com                                                                   
NAMEMAP   HIEROBJECT12        4    11   UTF8 UTF8 ELEMENT                       
3/56                                                                            
Eixo/J002_i                                                                     
NAMEMAP   HIEROBJECT13        4    17   UTF8 UTF8 ELEMENT                       
2/37                                                                            
the_ground/J001_j                                                               
NAMEMAP   HIEROBJECT14        4    17   UTF8 UTF8 ELEMENT                       
2/57                                                                            
the_ground/J002_j                                                               
NAMEMAP   HIEROBJECT15        1    14   UTF8 UTF8 ELEMENT                       
1                                                                               
the_ground/gnd                                                                  
NAMEMAP   CURRENT_DIRECTORY   42   0    UTF8 UTF8 FILE                          
D:\PMAC\Projeto Fresadora\Fresadora_furada                                      
SYSTEM   GMILLIMETER          DYNAMIC             SPARSE    FULL_NCBF      TRUE 
9.8066500000000E+03 0.000000000000E+00  0.000000000000E+00  -1.000000000000E+00 
0.000000000000E+00  0.000000000000E+00  3.0000000000000E+01 1.2000000000000E-01 
1.0000000000000E-09 1.0000000000000E-03 NULL_FALSEBINARY_ONLFALSEKILOGNEWTO    1
NONE                NONE                    1NONE                TRUE ITERAFALSE
NONE                NONE                                                        
NONE                                                                            
HEADER                                                                          
SET_IASIZE =    5000000;                                                        
SET_DASIZE =    5000000;                                                        
SDK_BUILD_INFO = R12P27_rc1 2017-09-04                                          
END                                                                             
DYNAMIC  ETRUE      INTERPOLATED        GLOBAL    BDF           1     BANDED    
1.0000000000000E-02 1.0000000000000E-03 1.0000000000000E-03 1.0000000000000E-03 
NONE                QR       1TRUE                                              
PRELOAD  F          0.000000000000E+00      0                                   
NONE                                                                            
NONE                                                                            
NCBF     EBODY1_REF           BODY1               PARAMETERSPOSITIVE            
HIEROBJECT1                                                                     
0.000000000000E+00  0.000000000000E+00  0.000000000000E+00                      
BODY     EBODY1               POSITIVE  PARAMETERSFALSEFALSEFALSEFALSE          
NONE                NONE                NONE                                    
NONE                NONE                NONE                                    
HIEROBJECT2                                                                     
0.000000000000E+00  0.000000000000E+00  0.000000000000E+00                      
2.0890335723380E+01 2.5747830509000E+05 2.3494941217000E+05 6.3834391120000E+04 
0.000000000000E+00  0.000000000000E+00  0.000000000000E+00                      
0.000000000000E+00  0.000000000000E+00  0.000000000000E+00  FALSE               
0.000000000000E+00  0.000000000000E+00  0.000000000000E+00                      
NCBF     EBODY2_REF           BODY2               PARAMETERSPOSITIVE            
HIEROBJECT3                                                                     
0.000000000000E+00  0.000000000000E+00  0.000000000000E+00                      
BODY     EBODY2               POSITIVE  PARAMETERSFALSEFALSEFALSEFALSE          
NONE                NONE                NONE                                    
NONE                NONE                NONE                                    
HIEROBJECT4                                                                     
0.000000000000E+00  0.000000000000E+00  0.000000000000E+00                      
9.3098178843000E-01 5.2190917270000E+04 5.2190885470000E+04 3.1387370000000E+01 
0.000000000000E+00  0.000000000000E+00  0.000000000000E+00                      
0.000000000000E+00  0.000000000000E+00  0.000000000000E+00  FALSE               
0.000000000000E+00  0.000000000000E+00  0.000000000000E+00                      
NCBF     EBODY3_REF           BODY3               PARAMETERSPOSITIVE            
HIEROBJECT5                                                                     
0.000000000000E+00  0.000000000000E+00  0.000000000000E+00                      
BODY     EBODY3               POSITIVE  PARAMETERSTRUE FALSEFALSEFALSE          
NONE                NONE                NONE                                    
NONE                NONE                NONE                                    
HIEROBJECT6                                                                     
0.000000000000E+00  0.000000000000E+00  0.000000000000E+00                      
1.0000000000000E+00 1.0000000000000E+06 1.0000000000000E+06 1.0000000000000E+06 
0.000000000000E+00  0.000000000000E+00  0.000000000000E+00                      
0.000000000000E+00  0.000000000000E+00  0.000000000000E+00  FALSE               
0.000000000000E+00  0.000000000000E+00  0.000000000000E+00                      
TRANS    ETRANS_JOINT1        BODY3               BODY1                         
HIEROBJECT13                                                                    
HIEROBJECT9                                                                     
0.000000000000E+00  0.000000000000E+00  1.0000000000000E+00                     
0.000000000000E+00  0.000000000000E+00  1.0000000000000E+00                     
1.0000000000000E+00 0.000000000000E+00  0.000000000000E+00                      
1.0000000000000E+00 0.000000000000E+00  0.000000000000E+00                      
CYLIN    ECYLINDRICAL_JNT1    BODY3               BODY2                         
HIEROBJECT14                                                                    
HIEROBJECT12                                                                    
0.000000000000E+00  0.000000000000E+00  1.0000000000000E+00                     
0.000000000000E+00  0.000000000000E+00  1.0000000000000E+00                     
1.0000000000000E+00 0.000000000000E+00  0.000000000000E+00                      
1.0000000000000E+00 0.000000000000E+00  0.000000000000E+00                      
DRIVER   GDRIVER_JOINT1       NONE                NONE                POSIT     
REL.TRANS POLYNOMIAL          NONE                TRANS_JOINT1                  
0.000000000000E+00  0.000000000000E+00  0.000000000000E+00  NONE                
0.000000000000E+00  0.000000000000E+00  0.000000000000E+00  NONE                
0.000000000000E+00  0.000000000000E+00  1.0000000000000E+00                     
0.000000000000E+00  0.000000000000E+00  1.0000000000000E+00 0.000000000000E+00  
1.0000000000000E+00 0.000000000000E+00  0.000000000000E+00                      
1.0000000000000E+00 0.000000000000E+00  0.000000000000E+00                      
0.000000000000E+00  5.0000000000000E+00 0.000000000000E+00  0.000000000000E+00  
NONE                                                        ACTIV               
UNUSED                                                                          
UNUSED                                                                          
UNUSED                                                                          
UNUSED                                                                          
UNUSED                                                                          
UNUSED                                                                          
UNUSED                                                                          
DRIVER   GDRIVER_JOINT2       NONE                NONE                POSIT     
REL.ANGLE POLYNOMIAL          NONE                CYLINDRICAL_JNT1              
0.000000000000E+00  0.000000000000E+00  0.000000000000E+00  NONE                
0.000000000000E+00  0.000000000000E+00  0.000000000000E+00  NONE                
0.000000000000E+00  0.000000000000E+00  1.0000000000000E+00                     
0.000000000000E+00  0.000000000000E+00  1.0000000000000E+00 0.000000000000E+00  
1.0000000000000E+00 0.000000000000E+00  0.000000000000E+00                      
1.0000000000000E+00 0.000000000000E+00  0.000000000000E+00                      
0.000000000000E+00  1.7453292519943E-01 0.000000000000E+00  0.000000000000E+00  
NONE                                                        ACTIV               
UNUSED                                                                          
UNUSED                                                                          
UNUSED                                                                          
UNUSED                                                                          
UNUSED                                                                          
UNUSED                                                                          
UNUSED                                                                          
NAMEMAP   SYSTEM_DATA1        11   11   UTF8 UTF8 ELEMENT                       
Mandatory:1                                                                     
Mandatory:1                                                                     
NAMEMAP   DYNAMIC_DATA1       11   11   UTF8 UTF8 ELEMENT                       
Mandatory:2                                                                     
Mandatory:2                                                                     
NAMEMAP   PRELOAD_DATA1       11   11   UTF8 UTF8 ELEMENT                       
Mandatory:5                                                                     
Mandatory:5                                                                     
NAMEMAP   BODY1               7    7    UTF8 UTF8 ELEMENT                       
Bloco_Z                                                                         
Bloco_Z                                                                         
NAMEMAP   BODY1_REF           11   11   UTF8 UTF8 ELEMENT                       
Bloco_Z_REF                                                                     
Bloco_Z_REF                                                                     
NAMEMAP   BODY2               4    4    UTF8 UTF8 ELEMENT                       
Eixo                                                                            
Eixo                                                                            
NAMEMAP   BODY2_REF           8    8    UTF8 UTF8 ELEMENT                       
Eixo_REF                                                                        
Eixo_REF                                                                        
NAMEMAP   BODY3               10   10   UTF8 UTF8 ELEMENT                       
the_ground                                                                      
the_ground                                                                      
NAMEMAP   BODY3_REF           14   14   UTF8 UTF8 ELEMENT                       
the_ground_REF                                                                  
the_ground_REF                                                                  
NAMEMAP   TRANS_JOINT1        4    4    UTF8 UTF8 ELEMENT                       
J001                                                                            
J001                                                                            
NAMEMAP   CYLINDRICAL_JNT1    4    4    UTF8 UTF8 ELEMENT                       
J002                                                                            
J002                                                                            
NAMEMAP   DRIVER_JOINT1       14   14   UTF8 UTF8 ELEMENT                       
MOTION_J001_TZ                                                                  
MOTION_J001_TZ                                                                  
NAMEMAP   DRIVER_JOINT2       14   14   UTF8 UTF8 ELEMENT                       
MOTION_J002_RZ                                                                  
MOTION_J002_RZ                                                                  
