HIEROBJ  EWORLD                                             NONE                
ROOT                                                                            
1.0000000000000E+00 0.000000000000E+00  0.000000000000E+00  0.000000000000E+00  
0.000000000000E+00  1.0000000000000E+00 0.000000000000E+00  0.000000000000E+00  
0.000000000000E+00  0.000000000000E+00  1.0000000000000E+00 0.000000000000E+00  
0.000000000000E+00  0.000000000000E+00  0.000000000000E+00  1.0000000000000E+00 
HIEROBJ  EHIEROBJECT1                                       NONE                
BODYNCBF  WORLD                                   BODY1                         
1.0000000000000E+00 0.000000000000E+00  0.000000000000E+00  0.000000000000E+00  
0.000000000000E+00  1.0000000000000E+00 0.000000000000E+00  0.000000000000E+00  
0.000000000000E+00  0.000000000000E+00  1.0000000000000E+00 0.000000000000E+00  
0.000000000000E+00  0.000000000000E+00  0.000000000000E+00  1.0000000000000E+00 
HIEROBJ  EHIEROBJECT2                                       NONE                
CGTRIAD   HIEROBJECT1                                                           
9.9933234102624E-01 -9.505886324349E-03 -3.527761760938E-02 0.000000000000E+00  
3.4395212933407E-02 -8.088128409928E-02 9.9613010556338E-01 0.000000000000E+00  
-1.232239855996E-02 -9.966784115288E-01 -8.050032599989E-02 0.000000000000E+00  
8.4995183689000E+02 4.2533441554000E+02 3.3371830655000E+02 1.0000000000000E+00 
HIEROBJ  EHIEROBJECT3                                       NONE                
BODYNCBF  WORLD                                   BODY2                         
1.0000000000000E+00 0.000000000000E+00  0.000000000000E+00  0.000000000000E+00  
0.000000000000E+00  1.0000000000000E+00 0.000000000000E+00  0.000000000000E+00  
0.000000000000E+00  0.000000000000E+00  1.0000000000000E+00 0.000000000000E+00  
0.000000000000E+00  0.000000000000E+00  0.000000000000E+00  1.0000000000000E+00 
HIEROBJ  EHIEROBJECT4                                       NONE                
CGTRIAD   HIEROBJECT3                                                           
-7.220080665826E-06 9.8320052817123E-01 -1.825286863802E-01 0.000000000000E+00  
1.0961658231830E-05 1.8252868645184E-01 9.8320052812334E-01 0.000000000000E+00  
9.9999999991386E-01 5.0979700461283E-06 -1.209538000318E-05 0.000000000000E+00  
5.2517465290000E+02 3.9999816090000E+02 5.3333904010000E+01 1.0000000000000E+00 
HIEROBJ  EHIEROBJECT5                                       NONE                
BODYNCBF  WORLD                                   BODY3                         
1.0000000000000E+00 0.000000000000E+00  0.000000000000E+00  0.000000000000E+00  
0.000000000000E+00  1.0000000000000E+00 0.000000000000E+00  0.000000000000E+00  
0.000000000000E+00  0.000000000000E+00  1.0000000000000E+00 0.000000000000E+00  
0.000000000000E+00  0.000000000000E+00  0.000000000000E+00  1.0000000000000E+00 
HIEROBJ  EHIEROBJECT6                                       NONE                
CGTRIAD   HIEROBJECT5                                                           
1.0000000000000E+00 0.000000000000E+00  0.000000000000E+00  0.000000000000E+00  
0.000000000000E+00  1.0000000000000E+00 0.000000000000E+00  0.000000000000E+00  
0.000000000000E+00  0.000000000000E+00  1.0000000000000E+00 0.000000000000E+00  
0.000000000000E+00  0.000000000000E+00  0.000000000000E+00  1.0000000000000E+00 
HIEROBJ  EHIEROBJECT7                                       NONE                
JFCTRIAD  HIEROBJECT1                                                           
9.9933234102625E-01 -9.505886324349E-03 -3.527761760938E-02 0.000000000000E+00  
3.4395212933407E-02 -8.088128409928E-02 9.9613010556338E-01 0.000000000000E+00  
-1.232239855996E-02 -9.966784115288E-01 -8.050032599989E-02 0.000000000000E+00  
0.000000000000E+00  0.000000000000E+00  0.000000000000E+00  1.0000000000000E+00 
HIEROBJ  EHIEROBJECT8                                       NONE                
JFCTRIAD  HIEROBJECT1                                                           
9.9933234102625E-01 -9.505886324349E-03 -3.527761760938E-02 0.000000000000E+00  
3.4395212933407E-02 -8.088128409928E-02 9.9613010556338E-01 0.000000000000E+00  
-1.232239855996E-02 -9.966784115288E-01 -8.050032599989E-02 0.000000000000E+00  
8.4995183689000E+02 4.2533441554000E+02 3.3371830655000E+02 1.0000000000000E+00 
HIEROBJ  EHIEROBJECT9                                       NONE                
JFCTRIAD  HIEROBJECT1                                                           
2.2204460492503E-16 0.000000000000E+00  1.0000000000000E+00 0.000000000000E+00  
0.000000000000E+00  1.0000000000000E+00 0.000000000000E+00  0.000000000000E+00  
-1.000000000000E+00 0.000000000000E+00  2.2204460492503E-16 0.000000000000E+00  
7.5150000000000E+02 4.0000000000000E+02 5.3333333333334E+01 1.0000000000000E+00 
HIEROBJ  EHIEROBJECT10                                      NONE                
JFCTRIAD  HIEROBJECT3                                                           
-7.220080665757E-06 9.8320052817123E-01 -1.825286863802E-01 0.000000000000E+00  
1.0961658231569E-05 1.8252868645184E-01 9.8320052812334E-01 0.000000000000E+00  
9.9999999991386E-01 5.0979700461085E-06 -1.209538000291E-05 0.000000000000E+00  
0.000000000000E+00  0.000000000000E+00  0.000000000000E+00  1.0000000000000E+00 
HIEROBJ  EHIEROBJECT11                                      NONE                
JFCTRIAD  HIEROBJECT3                                                           
-7.220080665757E-06 9.8320052817123E-01 -1.825286863802E-01 0.000000000000E+00  
1.0961658231569E-05 1.8252868645184E-01 9.8320052812334E-01 0.000000000000E+00  
9.9999999991386E-01 5.0979700461085E-06 -1.209538000291E-05 0.000000000000E+00  
5.2517465290000E+02 3.9999816090000E+02 5.3333904010000E+01 1.0000000000000E+00 
HIEROBJ  EHIEROBJECT12                                      NONE                
JFCTRIAD  HIEROBJECT3                                                           
2.2204460492503E-16 0.000000000000E+00  -1.000000000000E+00 0.000000000000E+00  
0.000000000000E+00  1.0000000000000E+00 0.000000000000E+00  0.000000000000E+00  
1.0000000000000E+00 0.000000000000E+00  2.2204460492503E-16 0.000000000000E+00  
1.0350000000000E+03 4.0000000000000E+02 5.3333333333334E+01 1.0000000000000E+00 
HIEROBJ  EHIEROBJECT13                                      NONE                
JFCTRIAD  HIEROBJECT5                                                           
2.2204460492503E-16 0.000000000000E+00  1.0000000000000E+00 0.000000000000E+00  
0.000000000000E+00  1.0000000000000E+00 0.000000000000E+00  0.000000000000E+00  
-1.000000000000E+00 0.000000000000E+00  2.2204460492503E-16 0.000000000000E+00  
7.5150000000000E+02 4.0000000000000E+02 5.3333333333334E+01 1.0000000000000E+00 
HIEROBJ  EHIEROBJECT14                                      NONE                
JFCTRIAD  HIEROBJECT5                                                           
2.2204460492503E-16 0.000000000000E+00  -1.000000000000E+00 0.000000000000E+00  
0.000000000000E+00  1.0000000000000E+00 0.000000000000E+00  0.000000000000E+00  
1.0000000000000E+00 0.000000000000E+00  2.2204460492503E-16 0.000000000000E+00  
1.0350000000000E+03 4.0000000000000E+02 5.3333333333334E+01 1.0000000000000E+00 
HIEROBJ  EHIEROBJECT15                                      NONE                
JFCTRIAD  HIEROBJECT5                                                           
1.0000000000000E+00 0.000000000000E+00  0.000000000000E+00  0.000000000000E+00  
0.000000000000E+00  1.0000000000000E+00 0.000000000000E+00  0.000000000000E+00  
0.000000000000E+00  0.000000000000E+00  1.0000000000000E+00 0.000000000000E+00  
0.000000000000E+00  0.000000000000E+00  0.000000000000E+00  1.0000000000000E+00 
NAMEMAP   WORLD               5    5    UTF8 UTF8 ELEMENT                       
WORLD                                                                           
WORLD                                                                           
NAMEMAP   HIEROBJECT1         24   24   UTF8 UTF8 ELEMENT                       
Bloco_Y_Z/Bloco_Y_Z_NCBF                                                        
Bloco_Y_Z/Bloco_Y_Z_NCBF                                                        
NAMEMAP   HIEROBJECT2         22   22   UTF8 UTF8 ELEMENT                       
Bloco_Y_Z/Bloco_Y_Z_cm                                                          
Bloco_Y_Z/Bloco_Y_Z_cm                                                          
NAMEMAP   HIEROBJECT3         14   14   UTF8 UTF8 ELEMENT                       
Eixo/Eixo_NCBF                                                                  
Eixo/Eixo_NCBF                                                                  
NAMEMAP   HIEROBJECT4         12   12   UTF8 UTF8 ELEMENT                       
Eixo/Eixo_cm                                                                    
Eixo/Eixo_cm                                                                    
NAMEMAP   HIEROBJECT5         26   26   UTF8 UTF8 ELEMENT                       
the_ground/the_ground_NCBF                                                      
the_ground/the_ground_NCBF                                                      
NAMEMAP   HIEROBJECT6         13   13   UTF8 UTF8 ELEMENT                       
the_ground_cm                                                                   
the_ground_cm                                                                   
NAMEMAP   HIEROBJECT7         23   23   UTF8 UTF8 ELEMENT                       
Bloco_Y_Z/Bloco_Y_Z_coi                                                         
Bloco_Y_Z/Bloco_Y_Z_coi                                                         
NAMEMAP   HIEROBJECT8         23   23   UTF8 UTF8 ELEMENT                       
Bloco_Y_Z/Bloco_Y_Z_com                                                         
Bloco_Y_Z/Bloco_Y_Z_com                                                         
NAMEMAP   HIEROBJECT9         5    16   UTF8 UTF8 ELEMENT                       
75/16                                                                           
Bloco_Y_Z/J001_i                                                                
NAMEMAP   HIEROBJECT10        13   13   UTF8 UTF8 ELEMENT                       
Eixo/Eixo_coi                                                                   
Eixo/Eixo_coi                                                                   
NAMEMAP   HIEROBJECT11        13   13   UTF8 UTF8 ELEMENT                       
Eixo/Eixo_com                                                                   
Eixo/Eixo_com                                                                   
NAMEMAP   HIEROBJECT12        5    11   UTF8 UTF8 ELEMENT                       
69/36                                                                           
Eixo/J002_i                                                                     
NAMEMAP   HIEROBJECT13        4    17   UTF8 UTF8 ELEMENT                       
2/17                                                                            
the_ground/J001_j                                                               
NAMEMAP   HIEROBJECT14        4    17   UTF8 UTF8 ELEMENT                       
2/37                                                                            
the_ground/J002_j                                                               
NAMEMAP   HIEROBJECT15        1    14   UTF8 UTF8 ELEMENT                       
1                                                                               
the_ground/gnd                                                                  
NAMEMAP   CURRENT_DIRECTORY   42   0    UTF8 UTF8 FILE                          
D:\PMAC\Projeto Fresadora\Fresadora_furada                                      
SYSTEM   GMILLIMETER          DYNAMIC             SPARSE    FULL_NCBF      TRUE 
9.8066500000000E+03 0.000000000000E+00  0.000000000000E+00  -1.000000000000E+00 
0.000000000000E+00  0.000000000000E+00  5.0000000000000E+01 1.0000000000000E-01 
1.0000000000000E-09 1.0000000000000E-03 NULL_FALSEBINARY_ONLFALSEKILOGNEWTO    1
NONE                NONE                    1NONE                TRUE ITERAFALSE
NONE                NONE                                                        
NONE                                                                            
HEADER                                                                          
SET_IASIZE =    5000000;                                                        
SET_DASIZE =    5000000;                                                        
SDK_BUILD_INFO = R12P27_rc1 2017-09-04                                          
END                                                                             
DYNAMIC  ETRUE      INTERPOLATED        GLOBAL    BDF           1     BANDED    
1.0000000000000E-02 1.0000000000000E-03 1.0000000000000E-03 1.0000000000000E-03 
NONE                QR       1TRUE                                              
PRELOAD  F          0.000000000000E+00      0                                   
NONE                                                                            
NONE                                                                            
NCBF     EBODY1_REF           BODY1               PARAMETERSPOSITIVE            
HIEROBJECT1                                                                     
0.000000000000E+00  0.000000000000E+00  0.000000000000E+00                      
BODY     EBODY1               POSITIVE  PARAMETERSFALSEFALSEFALSEFALSE          
NONE                NONE                NONE                                    
NONE                NONE                NONE                                    
HIEROBJECT2                                                                     
0.000000000000E+00  0.000000000000E+00  0.000000000000E+00                      
1.0594973209497E+02 1.2641886785140E+07 8.7641241815400E+06 4.5423493691600E+06 
0.000000000000E+00  0.000000000000E+00  0.000000000000E+00                      
0.000000000000E+00  0.000000000000E+00  0.000000000000E+00  FALSE               
0.000000000000E+00  0.000000000000E+00  0.000000000000E+00                      
NCBF     EBODY2_REF           BODY2               PARAMETERSPOSITIVE            
HIEROBJECT3                                                                     
0.000000000000E+00  0.000000000000E+00  0.000000000000E+00                      
BODY     EBODY2               POSITIVE  PARAMETERSFALSEFALSEFALSEFALSE          
NONE                NONE                NONE                                    
NONE                NONE                NONE                                    
HIEROBJECT4                                                                     
0.000000000000E+00  0.000000000000E+00  0.000000000000E+00                      
1.1582801195900E+00 1.0056235395000E+05 1.0056232432000E+05 3.9063190000000E+01 
0.000000000000E+00  0.000000000000E+00  0.000000000000E+00                      
0.000000000000E+00  0.000000000000E+00  0.000000000000E+00  FALSE               
0.000000000000E+00  0.000000000000E+00  0.000000000000E+00                      
NCBF     EBODY3_REF           BODY3               PARAMETERSPOSITIVE            
HIEROBJECT5                                                                     
0.000000000000E+00  0.000000000000E+00  0.000000000000E+00                      
BODY     EBODY3               POSITIVE  PARAMETERSTRUE FALSEFALSEFALSE          
NONE                NONE                NONE                                    
NONE                NONE                NONE                                    
HIEROBJECT6                                                                     
0.000000000000E+00  0.000000000000E+00  0.000000000000E+00                      
1.0000000000000E+00 1.0000000000000E+06 1.0000000000000E+06 1.0000000000000E+06 
0.000000000000E+00  0.000000000000E+00  0.000000000000E+00                      
0.000000000000E+00  0.000000000000E+00  0.000000000000E+00  FALSE               
0.000000000000E+00  0.000000000000E+00  0.000000000000E+00                      
TRANS    ETRANS_JOINT1        BODY3               BODY1                         
HIEROBJECT13                                                                    
HIEROBJECT9                                                                     
0.000000000000E+00  0.000000000000E+00  1.0000000000000E+00                     
0.000000000000E+00  0.000000000000E+00  1.0000000000000E+00                     
1.0000000000000E+00 0.000000000000E+00  0.000000000000E+00                      
1.0000000000000E+00 0.000000000000E+00  0.000000000000E+00                      
CYLIN    ECYLINDRICAL_JNT1    BODY3               BODY2                         
HIEROBJECT14                                                                    
HIEROBJECT12                                                                    
0.000000000000E+00  0.000000000000E+00  1.0000000000000E+00                     
0.000000000000E+00  0.000000000000E+00  1.0000000000000E+00                     
1.0000000000000E+00 0.000000000000E+00  0.000000000000E+00                      
1.0000000000000E+00 0.000000000000E+00  0.000000000000E+00                      
DRIVER   GDRIVER_JOINT1       NONE                NONE                POSIT     
REL.TRANS POLYNOMIAL          NONE                TRANS_JOINT1                  
0.000000000000E+00  0.000000000000E+00  0.000000000000E+00  NONE                
0.000000000000E+00  0.000000000000E+00  0.000000000000E+00  NONE                
0.000000000000E+00  0.000000000000E+00  1.0000000000000E+00                     
0.000000000000E+00  0.000000000000E+00  1.0000000000000E+00 0.000000000000E+00  
1.0000000000000E+00 0.000000000000E+00  0.000000000000E+00                      
1.0000000000000E+00 0.000000000000E+00  0.000000000000E+00                      
0.000000000000E+00  5.0000000000000E+00 0.000000000000E+00  0.000000000000E+00  
NONE                                                        ACTIV               
UNUSED                                                                          
UNUSED                                                                          
UNUSED                                                                          
UNUSED                                                                          
UNUSED                                                                          
UNUSED                                                                          
UNUSED                                                                          
DRIVER   GDRIVER_JOINT2       NONE                NONE                POSIT     
REL.ANGLE POLYNOMIAL          NONE                CYLINDRICAL_JNT1              
0.000000000000E+00  0.000000000000E+00  0.000000000000E+00  NONE                
0.000000000000E+00  0.000000000000E+00  0.000000000000E+00  NONE                
0.000000000000E+00  0.000000000000E+00  1.0000000000000E+00                     
0.000000000000E+00  0.000000000000E+00  1.0000000000000E+00 0.000000000000E+00  
1.0000000000000E+00 0.000000000000E+00  0.000000000000E+00                      
1.0000000000000E+00 0.000000000000E+00  0.000000000000E+00                      
0.000000000000E+00  8.7266462599716E-02 0.000000000000E+00  0.000000000000E+00  
NONE                                                        ACTIV               
UNUSED                                                                          
UNUSED                                                                          
UNUSED                                                                          
UNUSED                                                                          
UNUSED                                                                          
UNUSED                                                                          
UNUSED                                                                          
NAMEMAP   SYSTEM_DATA1        11   11   UTF8 UTF8 ELEMENT                       
Mandatory:1                                                                     
Mandatory:1                                                                     
NAMEMAP   DYNAMIC_DATA1       11   11   UTF8 UTF8 ELEMENT                       
Mandatory:2                                                                     
Mandatory:2                                                                     
NAMEMAP   PRELOAD_DATA1       11   11   UTF8 UTF8 ELEMENT                       
Mandatory:5                                                                     
Mandatory:5                                                                     
NAMEMAP   BODY1               9    9    UTF8 UTF8 ELEMENT                       
Bloco_Y_Z                                                                       
Bloco_Y_Z                                                                       
NAMEMAP   BODY1_REF           13   13   UTF8 UTF8 ELEMENT                       
Bloco_Y_Z_REF                                                                   
Bloco_Y_Z_REF                                                                   
NAMEMAP   BODY2               4    4    UTF8 UTF8 ELEMENT                       
Eixo                                                                            
Eixo                                                                            
NAMEMAP   BODY2_REF           8    8    UTF8 UTF8 ELEMENT                       
Eixo_REF                                                                        
Eixo_REF                                                                        
NAMEMAP   BODY3               10   10   UTF8 UTF8 ELEMENT                       
the_ground                                                                      
the_ground                                                                      
NAMEMAP   BODY3_REF           14   14   UTF8 UTF8 ELEMENT                       
the_ground_REF                                                                  
the_ground_REF                                                                  
NAMEMAP   TRANS_JOINT1        4    4    UTF8 UTF8 ELEMENT                       
J001                                                                            
J001                                                                            
NAMEMAP   CYLINDRICAL_JNT1    4    4    UTF8 UTF8 ELEMENT                       
J002                                                                            
J002                                                                            
NAMEMAP   DRIVER_JOINT1       14   14   UTF8 UTF8 ELEMENT                       
MOTION_J001_TZ                                                                  
MOTION_J001_TZ                                                                  
NAMEMAP   DRIVER_JOINT2       14   14   UTF8 UTF8 ELEMENT                       
MOTION_J002_RZ                                                                  
MOTION_J002_RZ                                                                  
